seq1	TRACE-L1-000102	87.265	691	88	0	1	691	1	691	0.0	789
seq1	TRACE-L1-000227	84.195	696	100	10	1	691	1	691	0.0	667
seq1	TRACE-L1-000006	84.052	696	101	10	1	691	1	691	0.0	662
seq1	TRACE-L1-000107	83.885	695	104	8	1	691	1	691	0.0	656
seq1	TRACE-L1-000331	83.788	697	101	10	1	691	1	691	0.0	651
seq1	TRACE-L1-000330	83.788	697	101	10	1	691	1	691	0.0	651
seq1	TRACE-L1-000246	83.764	696	103	10	1	691	1	691	0.0	651
seq1	TRACE-L1-000318	83.621	696	104	10	1	691	1	691	0.0	645
seq1	TRACE-L1-000265	83.621	696	104	10	1	691	1	691	0.0	645
seq1	TRACE-L1-000145	83.621	696	104	10	1	691	1	691	0.0	645
