TRACE-L1-000002	TRACE-L1-000329	100.000	3879	0	0	1	3879	1	3879	0.0	7164
TRACE-L1-000002	TRACE-L1-000002	100.000	3879	0	0	1	3879	1	3879	0.0	7164
TRACE-L1-000002	TRACE-L1-000001	100.000	3879	0	0	1	3879	1	3879	0.0	7164
TRACE-L1-000002	TRACE-L1-000328	99.974	3879	1	0	1	3879	1	3879	0.0	7158
TRACE-L1-000002	TRACE-L1-000325	99.923	3879	3	0	1	3879	1	3879	0.0	7147
TRACE-L1-000002	TRACE-L1-000324	99.923	3879	3	0	1	3879	1	3879	0.0	7147
TRACE-L1-000002	TRACE-L1-000314	99.691	3879	12	0	1	3879	1	3879	0.0	7097
TRACE-L1-000002	TRACE-L1-000184	99.356	3879	25	0	1	3879	1	3879	0.0	7025
TRACE-L1-000002	TRACE-L1-000273	99.330	3879	26	0	1	3879	1	3879	0.0	7020
TRACE-L1-000002	TRACE-L1-000202	99.278	3879	28	0	1	3879	1	3879	0.0	7009
